9147
7262
4379
1234
9062
7711
5809
6143
1340
2423
1976
3430
4399
4682
6487
9445
610
7752
3442
7483
2762
1220
1666
7365
2212
4335
9327
4577
4949
5852
6437
6375
3908
8192
7833
4735
9872
9612
1383
1498
3253
8888
5171
1788
8557
3942
2321
1167
8460
2767
4934
3627
3929
9641
2682
5657
4074
8090
4568
7258
3151
3796
7750
1796
2193
8840
2521
8221
1274
2509
4050
9999
5977
2176
9808
7400
3729
2620
1650
9145
6498
1022
6911
5579
5174
8690
7707
2591
8263
8301
5165
4681
5485
6828
7030
7812
3423
1
37
10